10 0.000000
60 0.000000
110 0.003000
160 0.011000
210 0.030000
260 0.052000
310 0.092000
360 0.147000
410 0.209000
460 0.313000
510 0.418000
560 0.573000
610 0.715000
660 0.875000
710 1.102000
760 1.438000
810 1.541000
860 1.845000
910 2.056000
960 2.683000
1010 2.525000
1060 3.265000
1110 4.068000
1160 4.532000
1210 4.896000
1260 6.147000
1310 6.298000
1360 8.059000
1410 7.558000
1460 8.875000
1510 9.974000
1560 11.813000
1610 12.367000
1660 14.784000
1710 15.329000
1760 16.625000
1810 16.853000
1860 19.940000
1910 20.208000
1960 21.383000
